X'025e15d441dcb530c0a80132'
X'0aae4f44423c5c09c0a80134'
X'0fcd5a133b68fd3ec0a80119'
X'11b144d63f747078c0a80133'
X'162108a44298b840c0a80133'
X'16a672663c0c0335c0a80118'
X'16dd322e428504b3c0a80132'
X'1b2923573a1cfaacc0a80119'
X'2e32042439ee522dc0a80118'
X'2f431ab93cae00e1c0a801e1'
X'382b4d86397cf66dc0a80118'
X'53e3320d42cb23a2c0a80132'
X'647713f23e3defd1c0a80132'
X'647b74bc4151e3c0c0a80133'
X'65f511b73b553d74c0a801e0'
X'69ac21184148973bc0a8013c'
X'6b9b15e241faec34c0a80133'
X'6c345933397dd783c0a80118'
X'6e424c2a3a29553ac0a80118'
X'6eb13d2540fd3367c0a80134'
X'725946513be9c3c0c0a801e1'
X'72a117ba4363e503c0a80133'
X'73d93fcb3a72efc5c0a80119'
X'73f40975432ba98fc0a80132'
X'77423a4e3debbce5c0a80134'
X'781a17c541c83059c0a80133'
X'78783a4e3debc017c0a80134'
X'8b0820663a5a0476c0a801e0'
X'8e941c8d3a32de02c0a80119'
X'9d7b47b53c2b7d9dc0a801e1'
X'afcc6f874300d6edc0a80133'
X'b15207ad3a37f067c0a801e1'
X'b2124954433069cac0a80133'
X'b373564c40f9c57ec0a80133'
X'b52924953d65a240c0a80119'
X'b812295643641eebc0a80133'
X'bc546e1743284b1ec0a80134'
X'c906553139d64529c0a80119'
X'cb0527b03f7c4f26c0a80133'
X'd19a15a03af97f16c0a801e0'
X'd3d21e613aafc908c0a801e0'
X'd73003a040f05984c0a80132'
X'da3d11fa418932bbc0a80132'
X'dfe41a974332389bc0a80134'
X'e5900bf3430cc012c0a80133'
X'e6c771d33bf09d54c0a80119'
X'ed9814af39d3d08ec0a80118'
X'f1882c3046f90d3ec0a80133'
X'f43442d243757589c0a80134'
X'fb903a5441798620c0a80134'
X'fca93b0942557879c0a80133'