X'0cc4256455da9a6ac0a86fa6'
X'0f76606f55958ef3c0a86fa6'
X'17ee6e205509da00c0a86f98'
X'1b29312f55db23b6c0a86fa6'
X'24c24fa155d7688cc0a86fa6'
X'28df390c55d7406dc0a86fa6'
X'3ad203a13cb5f608c0a801e0'
X'51d0027755b6ab78c0a86fa6'
X'a6566e205509d305c0a86f98'
X'ad4700d93b8fc19fc0a801e1'
X'b3cd3673568d2828c0a86fa6'
X'b46a594055a7fc35c0a86fa6'
X'b8cd43964a4a3246c0a80135'
X'ba9e73403b69241bc0a801e1'
X'c8dc267855cacb6ac0a86fa6'
X'd01d29c955db19fbc0a86fa6'
X'd08c29c955db1a55c0a86fa6'
X'e229575d55bfb915c0a86fa6'
X'ed7851d054836087c0a86f98'
X'fcf66c0a4bc2e472c0a80134'